# oST version 5.0 parameters


[image]

width
640

height
480

[narrow_stereo/left]

camera matrix
811.985107 0.000000 345.840528
0.000000 815.353232 181.497735
0.000000 0.000000 1.000000

distortion
0.262218 -1.050505 0.024262 -0.030305 0.000000

rectification
0.966787 0.024909 0.254367
-0.024770 0.999686 -0.003752
-0.254380 -0.002674 0.967101

projection
961.738575 0.000000 114.379494 0.000000
0.000000 961.738575 194.362007 0.000000
0.000000 0.000000 1.000000 0.000000

# oST version 5.0 parameters


[image]

width
640

height
480

[narrow_stereo/right]

camera matrix
856.117179 0.000000 322.864369
0.000000 847.463144 190.242413
0.000000 0.000000 1.000000

distortion
0.073677 0.473848 0.014554 -0.031155 0.000000

rectification
0.984327 0.019540 0.175266
-0.019636 0.999806 -0.001189
-0.175255 -0.002271 0.984520

projection
961.738575 0.000000 114.379494 691.797960
0.000000 961.738575 194.362007 0.000000
0.000000 0.000000 1.000000 0.000000

