image_width: 848
image_height: 480
camera_name: "camera"
camera_matrix:
  rows: 3
  cols: 3
  data: [572.803458, 0.000000, 404.080455, 0.000000, 571.914611, 232.017696, 0.000000, 0.000000, 1.000000]
distortion_model: plumb_bob
distortion_coefficients:
  rows: 1
  cols: 5
  data: [-0.351212, 0.154898, -0.003178, -0.001337, 0.000000]
rectification_matrix:
  rows: 3
  cols: 3
  data: [1.000000, 0.000000, 0.000000, 0.000000, 1.000000, 0.000000, 0.000000, 0.000000, 1.000000]
projection_matrix:
  rows: 3
  cols: 4
  data: [467.469971, 0.000000, 397.062772, 0.000000, 0.000000, 534.338623, 229.626957, 0.000000, 0.000000, 0.000000, 1.000000, 0.000000]