image_width: 848
image_height: 480
camera_name: "camera"
camera_matrix:
  rows: 3
  cols: 3
  data: [552.941274, 0.000000, 373.239618, 0.000000, 553.538302, 225.581316, 0.000000, 0.000000, 1.000000]
distortion_model: plumb_bob
distortion_coefficients:
  rows: 1
  cols: 5
  data: [-0.335135, 0.142163, 0.000315, 0.002872, 0.000000]
rectification_matrix:
  rows: 3
  cols: 3
  data: [1.000000, 0.000000, 0.000000, 0.000000, 1.000000, 0.000000, 0.000000, 0.000000, 1.000000]
projection_matrix:
  rows: 3
  cols: 4
  data: [457.066498, 0.000000, 369.655106, 0.000000, 0.000000, 515.551758, 223.637217, 0.000000, 0.000000, 0.000000, 1.000000, 0.000000]