image_width: 1280
image_height: 720
camera_name: "camera"
camera_matrix:
  rows: 3
  cols: 3
  data: [983.959123, 0.000000, 626.838004, 0.000000, 981.843751, 371.486713, 0.000000, 0.000000, 1.000000]
distortion_model: plumb_bob
distortion_coefficients:
  rows: 1
  cols: 5
  data: [0.085831, -0.205453, 0.004560, -0.005304, 0.000000]
rectification_matrix:
  rows: 3
  cols: 3
  data: [1.000000, 0.000000, 0.000000, 0.000000, 1.000000, 0.000000, 0.000000, 0.000000, 1.000000]
projection_matrix:
  rows: 3
  cols: 4
  data: [982.585327, 0.000000, 618.505341, 0.000000, 0.000000, 993.382568, 373.692276, 0.000000, 0.000000, 0.000000, 1.000000, 0.000000]